09202004142250
09252004144156
09202004142401
11212004143531
09222004141241
11232004142307
11142004143106
10202004143629
09272004142943
11282004144333
09232004145419
11282004144111
10182004144800
09292004141831
09202004142317
11282004144155
10022004144804
09252004144241
09202004142335
12092004142244
09252004144307
11282004144315
09202004142454
09202004142326
09272004142951
09222004141316
12092004142337
11282004144120
09152004140557
10182004144928
09222004141223
09292004141924
10182004144742
12092004142226
09232004145335
11282004144257
09252004144205
09232004145401
12022004141700
12092004142302
11212004143513
10292004143029
11092004141229
10242004141235
09152004140614
11142004143057
09292004141840
09252004144316
09252004144249
12022004141651
10012004140559
09272004142934
09202004142259
09202004142344
12092004142328
09292004141645
09272004143111
09292004141915
09272004142858
11212004143456
09202004142445
11282004144147
09232004145343
10292004143002
09272004143000
09202004142530
09152004140623
10012004140617
09292004141857
11282004144306
09252004144232
09272004143009
09232004145428
09272004143045
09222004141259
11092004141247
09272004143027
11282004144204
12092004142235
10252004145412
10202004143647
10202004143612
09152004140641
10242004141253
12022004141642
09272004143018
09222004141139
09222004141232
10182004144818
09202004142437
09202004142410
09252004144214
11092004141238
10272004144335
09272004143102
10292004143055
10022004144755
09222004141148
09202004142242
09152004140606
